type,date time,latitude,longitude,accuracy(m),altitude(m),geoid_height(m),speed(m/s),bearing(deg),sat_used,sat_inview,name,desc
T,2021-09-15 21:38:09,40.69360463,-73.98735856,10,85.012,,0.000,,18,26,,
T,2021-09-15 21:38:10,40.69360337,-73.98735806,10,85.084,,0.000,,19,26,,
T,2021-09-15 21:38:11,40.69360267,-73.98735738,9,85.223,,0.000,,19,26,,
T,2021-09-15 21:38:12,40.69360228,-73.98735676,9,85.245,,0.000,,19,26,,
T,2021-09-15 21:38:45,40.69419687,-73.98717198,13,89.056,,0.460,8,19,26,,
T,2021-09-15 21:38:46,40.69421480,-73.98716756,13,88.833,,1.450,10,18,26,,
T,2021-09-15 21:38:47,40.69422905,-73.98716524,14,87.453,,0.520,7,18,26,,
T,2021-09-15 21:38:48,40.69423639,-73.98716300,13,87.418,,0.230,6,17,26,,
T,2021-09-15 21:38:49,40.69424435,-73.98716049,14,85.523,,0.000,,17,26,,
T,2021-09-15 21:38:50,40.69425292,-73.98715413,15,85.953,,0.220,3,17,25,,
T,2021-09-15 21:38:51,40.69425652,-73.98715214,14,85.123,,0.000,,17,26,,
T,2021-09-15 21:38:52,40.69426117,-73.98714308,14,85.653,,0.200,359,17,26,,
T,2021-09-15 21:38:53,40.69426198,-73.98713907,16,84.950,,0.000,,17,26,,
T,2021-09-15 21:38:54,40.69426396,-73.98713331,15,85.554,,0.210,354,17,26,,
T,2021-09-15 21:38:55,40.69426279,-73.98713254,15,84.116,,0.200,351,19,26,,
T,2021-09-15 21:38:56,40.69426160,-73.98713169,15,83.470,,0.000,,19,26,,
T,2021-09-15 21:38:59,40.69426282,-73.98711016,15,81.985,,0.000,,18,26,,
T,2021-09-15 21:39:01,40.69426573,-73.98709643,15,80.761,,0.000,,18,26,,
T,2021-09-15 21:39:04,40.69427596,-73.98710234,14,78.990,,0.000,,18,26,,
T,2021-09-15 21:39:06,40.69429250,-73.98711023,13,78.457,,0.000,,19,26,,
T,2021-09-15 21:39:07,40.69430518,-73.98712761,13,76.769,,0.000,,19,26,,
T,2021-09-15 21:39:08,40.69431238,-73.98713751,13,76.734,,0.000,,19,26,,
T,2021-09-15 21:39:09,40.69440903,-73.98714189,13,74.365,,5.010,357,17,26,,
T,2021-09-15 21:39:10,40.69451694,-73.98714367,13,66.018,,5.570,356,17,26,,
T,2021-09-15 21:39:11,40.69461497,-73.98711830,14,61.668,,5.970,357,17,26,,
T,2021-09-15 21:39:12,40.69469738,-73.98711193,13,59.609,,5.590,358,17,26,,
T,2021-09-15 21:39:13,40.69475388,-73.98711912,13,57.346,,5.320,1,19,26,,
T,2021-09-15 21:39:14,40.69477975,-73.98709680,13,57.374,,5.470,2,20,26,,
T,2021-09-15 21:39:15,40.69480067,-73.98709985,13,55.044,,4.980,5,20,26,,
T,2021-09-15 21:39:16,40.69482947,-73.98708128,13,53.676,,4.940,10,20,26,,
T,2021-09-15 21:39:17,40.69487697,-73.98708873,14,51.831,,4.860,9,20,26,,
T,2021-09-15 21:39:18,40.69491151,-73.98708582,15,52.887,,4.460,10,20,26,,
T,2021-09-15 21:39:19,40.69489284,-73.98710472,14,56.464,,1.970,7,19,26,,
T,2021-09-15 21:39:20,40.69491895,-73.98710159,14,57.253,,2.040,7,19,26,,
T,2021-09-15 21:39:21,40.69497887,-73.98707591,14,57.980,,4.050,12,19,26,,
T,2021-09-15 21:39:22,40.69510160,-73.98702869,14,57.899,,5.380,13,19,26,,
T,2021-09-15 21:39:23,40.69514935,-73.98703793,14,57.619,,4.960,11,19,26,,
T,2021-09-15 21:39:24,40.69521919,-73.98707262,14,54.806,,4.540,8,18,26,,
T,2021-09-15 21:39:25,40.69528835,-73.98712214,14,49.996,,5.110,4,19,26,,
T,2021-09-15 21:39:26,40.69535179,-73.98716682,15,46.984,,5.460,1,20,26,,
T,2021-09-15 21:39:27,40.69545526,-73.98718208,16,46.057,,6.810,356,18,26,,
T,2021-09-15 21:39:28,40.69555488,-73.98714337,18,46.036,,7.250,1,19,26,,
T,2021-09-15 21:39:29,40.69563843,-73.98715238,21,45.775,,7.150,359,19,26,,
T,2021-09-15 21:39:30,40.69571887,-73.98717048,23,46.404,,6.150,358,19,26,,
T,2021-09-15 21:39:31,40.69578492,-73.98715359,23,45.500,,5.280,2,18,26,,
T,2021-09-15 21:39:32,40.69582326,-73.98714116,22,42.990,,4.210,2,18,26,,
T,2021-09-15 21:39:33,40.69583530,-73.98708529,20,40.334,,3.150,45,18,26,,
T,2021-09-15 21:39:34,40.69585560,-73.98704720,23,37.973,,3.660,39,18,26,,
T,2021-09-15 21:39:35,40.69588035,-73.98699283,24,36.201,,4.220,56,18,26,,
T,2021-09-15 21:39:36,40.69602820,-73.98691034,21,32.961,,9.680,27,18,26,,
T,2021-09-15 21:39:37,40.69610677,-73.98680313,18,32.566,,10.930,32,18,26,,
T,2021-09-15 21:39:38,40.69616435,-73.98671179,17,33.936,,9.430,41,20,26,,
T,2021-09-15 21:39:39,40.69618272,-73.98659454,17,33.998,,9.320,62,21,26,,
T,2021-09-15 21:39:40,40.69606362,-73.98638363,14,24.922,,10.320,92,21,26,,
T,2021-09-15 21:39:41,40.69603225,-73.98624224,13,21.755,,9.520,92,20,26,,
T,2021-09-15 21:39:42,40.69603054,-73.98613247,13,19.121,,8.740,88,20,26,,
T,2021-09-15 21:39:43,40.69602664,-73.98601533,13,16.793,,9.140,91,20,26,,
T,2021-09-15 21:39:44,40.69601928,-73.98592753,12,12.806,,7.980,93,18,26,,
T,2021-09-15 21:39:45,40.69601910,-73.98582558,12,10.285,,7.280,92,20,26,,
T,2021-09-15 21:39:46,40.69600407,-73.98574739,12,7.663,,6.220,94,21,26,,
T,2021-09-15 21:39:47,40.69599711,-73.98567572,11,6.120,,5.580,91,21,26,,
T,2021-09-15 21:39:48,40.69599910,-73.98561868,11,3.834,,4.580,86,21,26,,
T,2021-09-15 21:39:49,40.69600006,-73.98556386,11,2.908,,4.390,87,21,26,,
T,2021-09-15 21:39:50,40.69599877,-73.98551212,11,3.549,,4.130,87,21,26,,
T,2021-09-15 21:39:51,40.69600352,-73.98546472,11,2.655,,3.710,89,21,26,,
T,2021-09-15 21:39:52,40.69599275,-73.98542266,11,1.708,,3.400,93,20,26,,
T,2021-09-15 21:39:53,40.69598353,-73.98538109,11,-0.345,,3.520,95,20,26,,
T,2021-09-15 21:39:54,40.69598173,-73.98533931,11,-0.750,,3.520,97,20,26,,
T,2021-09-15 21:39:55,40.69597677,-73.98530149,11,-0.571,,3.160,95,20,26,,
T,2021-09-15 21:39:56,40.69597380,-73.98526627,11,-0.793,,2.930,92,20,26,,
T,2021-09-15 21:39:57,40.69597201,-73.98523020,11,-1.032,,2.890,93,20,26,,
T,2021-09-15 21:39:58,40.69597141,-73.98520077,11,-0.910,,2.300,96,22,26,,
T,2021-09-15 21:39:59,40.69596901,-73.98517440,11,-1.769,,1.970,97,22,26,,
T,2021-09-15 21:40:00,40.69596620,-73.98515539,11,-2.579,,1.370,100,22,26,,
T,2021-09-15 21:40:01,40.69596416,-73.98514362,11,-3.942,,0.760,101,22,26,,
T,2021-09-15 21:40:02,40.69596206,-73.98513916,11,-3.898,,0.160,100,21,26,,
T,2021-09-15 21:40:03,40.69595665,-73.98513613,12,-2.719,,0.000,,21,26,,
T,2021-09-15 21:40:06,40.69594957,-73.98512086,7,-3.845,,0.000,,20,26,,
T,2021-09-15 21:40:10,40.69593958,-73.98511474,7,-3.899,,0.000,,19,26,,
T,2021-09-15 21:40:17,40.69593650,-73.98511651,7,-3.561,,0.000,,24,26,,
T,2021-09-15 21:40:18,40.69593527,-73.98511075,7,-4.030,,0.490,97,24,26,,
T,2021-09-15 21:40:19,40.69593689,-73.98509825,7,-3.181,,0.820,98,24,26,,
T,2021-09-15 21:40:21,40.69593830,-73.98507748,7,-2.975,,0.610,97,23,26,,
T,2021-09-15 21:40:22,40.69594368,-73.98507366,7,-2.885,,0.000,,22,26,,
T,2021-09-15 21:40:26,40.69593516,-73.98507764,6,-4.293,,0.000,,21,26,,
T,2021-09-15 21:40:28,40.69593203,-73.98507846,6,-4.286,,0.000,,22,26,,
T,2021-09-15 21:40:29,40.69593180,-73.98507573,7,-4.223,,0.280,102,22,26,,
T,2021-09-15 21:40:31,40.69593190,-73.98504168,7,-4.053,,2.130,100,22,26,,
T,2021-09-15 21:40:32,40.69593701,-73.98498677,7,-5.046,,4.490,97,22,26,,
T,2021-09-15 21:40:33,40.69596503,-73.98490488,7,-5.470,,5.260,97,22,26,,
T,2021-09-15 21:40:34,40.69596530,-73.98484742,7,-5.575,,5.090,97,22,26,,
T,2021-09-15 21:40:35,40.69597279,-73.98479038,7,-5.325,,4.850,89,22,26,,
T,2021-09-15 21:40:36,40.69597705,-73.98475590,7,-5.652,,3.980,102,21,26,,
T,2021-09-15 21:40:37,40.69597360,-73.98471775,7,-6.419,,3.360,97,21,26,,
T,2021-09-15 21:40:38,40.69597033,-73.98467536,7,-6.778,,3.200,93,22,26,,
T,2021-09-15 21:40:39,40.69597829,-73.98464171,8,-7.552,,2.820,81,21,26,,
T,2021-09-15 21:40:40,40.69599182,-73.98459430,10,-7.768,,3.470,68,22,26,,
T,2021-09-15 21:40:41,40.69602250,-73.98455664,9,-9.112,,4.230,48,22,26,,
T,2021-09-15 21:40:42,40.69607698,-73.98451822,9,-7.114,,5.080,24,22,26,,
T,2021-09-15 21:40:43,40.69614062,-73.98451552,10,-7.736,,5.910,10,22,26,,
T,2021-09-15 21:40:44,40.69623096,-73.98452559,9,-8.042,,8.330,356,23,26,,
T,2021-09-15 21:40:45,40.69631286,-73.98454674,9,-7.625,,8.660,348,22,26,,
T,2021-09-15 21:40:46,40.69640263,-73.98457426,9,-8.120,,8.950,343,21,26,,
T,2021-09-15 21:40:47,40.69647925,-73.98462116,8,-7.822,,9.060,338,21,26,,
T,2021-09-15 21:40:48,40.69655871,-73.98464693,7,-6.244,,8.900,333,21,26,,
T,2021-09-15 21:40:49,40.69663315,-73.98468103,6,-5.260,,8.610,335,21,26,,
T,2021-09-15 21:40:50,40.69670080,-73.98471021,6,-2.980,,8.160,335,18,26,,
T,2021-09-15 21:40:51,40.69676709,-73.98473033,6,-2.448,,7.440,337,19,26,,
T,2021-09-15 21:40:52,40.69682043,-73.98475517,6,-1.860,,6.730,337,19,26,,
T,2021-09-15 21:40:53,40.69687000,-73.98477917,5,-0.111,,6.360,338,19,26,,
T,2021-09-15 21:40:54,40.69692495,-73.98479830,5,-0.051,,5.860,341,19,26,,
T,2021-09-15 21:40:55,40.69696429,-73.98482017,5,0.386,,5.330,338,18,26,,
T,2021-09-15 21:40:56,40.69700210,-73.98483936,5,0.502,,4.940,340,18,26,,
T,2021-09-15 21:40:57,40.69702885,-73.98485928,5,0.612,,3.490,338,18,26,,
T,2021-09-15 21:40:58,40.69706206,-73.98487620,5,0.927,,3.920,339,18,26,,
T,2021-09-15 21:40:59,40.69708695,-73.98489539,4,1.669,,3.110,337,18,26,,
T,2021-09-15 21:41:00,40.69709866,-73.98490776,5,1.437,,1.840,338,16,26,,
T,2021-09-15 21:41:01,40.69711352,-73.98491297,4,1.935,,1.870,339,16,26,,
T,2021-09-15 21:41:02,40.69712277,-73.98491877,5,2.105,,0.980,338,18,26,,
T,2021-09-15 21:41:03,40.69713137,-73.98492275,5,2.837,,1.180,340,20,26,,
T,2021-09-15 21:41:06,40.69714056,-73.98493637,5,4.110,,1.360,342,19,26,,
T,2021-09-15 21:41:07,40.69714873,-73.98494249,5,4.570,,1.230,339,19,26,,
T,2021-09-15 21:41:08,40.69717020,-73.98495506,5,4.427,,2.780,343,19,26,,
T,2021-09-15 21:41:09,40.69719652,-73.98497071,6,3.633,,2.950,343,19,25,,
T,2021-09-15 21:41:10,40.69722408,-73.98498686,7,3.844,,3.070,341,19,26,,
T,2021-09-15 21:41:11,40.69726848,-73.98500580,6,2.633,,4.520,339,19,26,,
T,2021-09-15 21:41:12,40.69732158,-73.98502286,7,1.324,,4.580,340,20,26,,
T,2021-09-15 21:41:13,40.69739631,-73.98504015,7,1.845,,5.480,340,21,26,,
T,2021-09-15 21:41:14,40.69745602,-73.98507642,7,0.468,,7.140,336,21,26,,
T,2021-09-15 21:41:15,40.69752129,-73.98511632,7,0.281,,8.300,342,21,26,,
T,2021-09-15 21:41:16,40.69759897,-73.98515587,7,0.897,,9.580,338,21,26,,
T,2021-09-15 21:41:17,40.69768243,-73.98519724,7,1.172,,10.200,337,22,25,,
T,2021-09-15 21:41:18,40.69778322,-73.98527170,6,0.924,,11.180,335,22,26,,
T,2021-09-15 21:41:19,40.69788625,-73.98532977,6,0.216,,11.110,337,22,26,,
T,2021-09-15 21:41:20,40.69797756,-73.98538181,6,0.496,,11.190,336,22,26,,
T,2021-09-15 21:41:21,40.69806963,-73.98543451,6,0.096,,10.630,338,21,26,,
T,2021-09-15 21:41:22,40.69815795,-73.98547765,6,0.257,,10.450,332,20,26,,
T,2021-09-15 21:41:23,40.69824384,-73.98553704,6,-0.770,,10.590,326,20,26,,
T,2021-09-15 21:41:24,40.69833732,-73.98558938,6,-0.786,,10.560,324,19,26,,
T,2021-09-15 21:41:25,40.69842915,-73.98563620,6,-0.426,,10.750,324,18,26,,
T,2021-09-15 21:41:26,40.69852361,-73.98570127,5,-1.280,,10.950,324,18,26,,
T,2021-09-15 21:41:27,40.69861799,-73.98575916,5,-0.965,,11.420,335,20,26,,
T,2021-09-15 21:41:28,40.69871028,-73.98581422,5,-1.429,,11.840,335,21,26,,
T,2021-09-15 21:41:29,40.69881487,-73.98587641,5,-1.887,,12.360,327,22,26,,
T,2021-09-15 21:41:30,40.69891584,-73.98593586,5,-1.975,,12.910,336,22,26,,
T,2021-09-15 21:41:31,40.69901934,-73.98599513,5,-2.203,,13.310,332,22,26,,
T,2021-09-15 21:41:32,40.69913230,-73.98606587,4,-2.677,,13.760,331,23,26,,
T,2021-09-15 21:41:33,40.69924593,-73.98613396,4,-3.207,,14.140,330,23,26,,
T,2021-09-15 21:41:34,40.69936047,-73.98619914,4,-3.440,,14.190,333,23,26,,
T,2021-09-15 21:41:35,40.69947745,-73.98626950,4,-3.787,,14.310,334,23,26,,
T,2021-09-15 21:41:36,40.69959832,-73.98632891,4,-3.070,,14.470,332,22,26,,
T,2021-09-15 21:41:37,40.69972355,-73.98639517,4,-3.010,,14.930,334,22,26,,
T,2021-09-15 21:41:38,40.69984674,-73.98646202,4,-2.558,,14.910,333,22,26,,
T,2021-09-15 21:41:39,40.69996940,-73.98652918,4,-2.122,,15.020,333,22,26,,
T,2021-09-15 21:41:40,40.70008771,-73.98659869,4,-1.412,,14.730,334,21,26,,
T,2021-09-15 21:41:41,40.70020936,-73.98667168,4,-0.268,,14.950,334,22,26,,
T,2021-09-15 21:41:42,40.70032371,-73.98675285,4,-0.345,,14.370,334,22,26,,
T,2021-09-15 21:41:43,40.70044715,-73.98682595,4,-0.907,,14.630,333,22,26,,
T,2021-09-15 21:41:44,40.70057221,-73.98688814,4,-0.089,,14.980,333,22,26,,
T,2021-09-15 21:41:45,40.70069621,-73.98696279,4,0.026,,15.120,334,22,26,,
T,2021-09-15 21:41:46,40.70082594,-73.98703304,4,0.753,,15.810,335,22,26,,
T,2021-09-15 21:41:47,40.70095306,-73.98710725,4,1.609,,15.830,335,21,26,,
T,2021-09-15 21:41:48,40.70108190,-73.98718370,4,2.399,,16.140,335,21,26,,
T,2021-09-15 21:41:49,40.70121219,-73.98727283,4,2.586,,16.430,334,22,26,,
T,2021-09-15 21:41:50,40.70135212,-73.98736013,5,2.506,,16.690,334,22,26,,
T,2021-09-15 21:41:51,40.70149014,-73.98743877,5,2.579,,16.970,335,21,26,,
T,2021-09-15 21:41:52,40.70163545,-73.98751112,4,2.568,,16.830,335,21,26,,
T,2021-09-15 21:41:53,40.70178656,-73.98757494,4,2.252,,16.800,336,21,26,,
T,2021-09-15 21:41:54,40.70192646,-73.98763954,4,2.928,,16.350,335,21,26,,
T,2021-09-15 21:41:55,40.70206181,-73.98771012,4,3.813,,16.140,338,22,26,,
T,2021-09-15 21:41:56,40.70219715,-73.98778055,4,4.003,,15.950,339,22,26,,
T,2021-09-15 21:41:57,40.70233316,-73.98785200,5,3.634,,16.060,340,22,26,,
T,2021-09-15 21:41:58,40.70246288,-73.98792763,5,3.955,,15.840,339,22,26,,
T,2021-09-15 21:41:59,40.70259041,-73.98800824,5,4.427,,15.950,339,22,26,,
T,2021-09-15 21:42:00,40.70272405,-73.98808083,5,4.964,,16.200,338,22,26,,
T,2021-09-15 21:42:01,40.70285803,-73.98815703,5,5.348,,16.210,336,23,26,,
T,2021-09-15 21:42:02,40.70299511,-73.98823514,5,6.486,,16.480,338,23,26,,
T,2021-09-15 21:42:03,40.70313799,-73.98830825,4,7.569,,16.480,337,23,26,,
T,2021-09-15 21:42:04,40.70327569,-73.98838257,4,8.162,,16.660,337,23,26,,
T,2021-09-15 21:42:05,40.70341327,-73.98845676,4,8.927,,16.700,339,23,26,,
T,2021-09-15 21:42:06,40.70355446,-73.98853686,4,9.806,,16.840,338,23,26,,
T,2021-09-15 21:42:07,40.70369661,-73.98861849,4,10.117,,17.120,336,22,26,,
T,2021-09-15 21:42:08,40.70384022,-73.98869873,4,10.512,,17.330,335,22,26,,
T,2021-09-15 21:42:09,40.70398271,-73.98878025,4,10.634,,17.220,335,23,26,,
T,2021-09-15 21:42:10,40.70412829,-73.98887703,4,10.866,,17.730,335,23,26,,
T,2021-09-15 21:42:11,40.70428222,-73.98895822,4,11.672,,17.810,336,23,26,,
T,2021-09-15 21:42:12,40.70442563,-73.98904030,4,11.902,,17.220,335,23,26,,
T,2021-09-15 21:42:13,40.70456333,-73.98911476,4,12.056,,16.400,335,23,26,,
T,2021-09-15 21:42:14,40.70469152,-73.98919215,4,12.742,,16.400,335,23,26,,
T,2021-09-15 21:42:15,40.70482537,-73.98926868,4,13.516,,16.340,334,23,26,,
T,2021-09-15 21:42:16,40.70495380,-73.98933999,4,14.426,,16.260,334,23,26,,
T,2021-09-15 21:42:17,40.70509732,-73.98941573,4,14.791,,16.470,334,23,26,,
T,2021-09-15 21:42:18,40.70522528,-73.98949003,4,13.866,,15.710,333,23,26,,
T,2021-09-15 21:42:19,40.70536723,-73.98958085,4,14.720,,17.020,335,23,26,,
T,2021-09-15 21:42:20,40.70551008,-73.98966006,4,14.960,,17.100,334,24,26,,
T,2021-09-15 21:42:21,40.70565125,-73.98974719,4,15.308,,17.360,335,24,26,,
T,2021-09-15 21:42:22,40.70579436,-73.98983341,4,15.296,,17.710,335,24,26,,
T,2021-09-15 21:42:23,40.70594470,-73.98991987,4,14.542,,17.640,332,24,26,,
T,2021-09-15 21:42:24,40.70610648,-73.99000293,4,13.792,,18.170,335,24,26,,
T,2021-09-15 21:42:25,40.70626242,-73.99007947,4,13.428,,18.270,336,24,26,,
T,2021-09-15 21:42:26,40.70640430,-73.99015692,4,13.904,,17.940,334,24,26,,
T,2021-09-15 21:42:27,40.70654532,-73.99024566,4,13.973,,17.700,335,24,26,,
T,2021-09-15 21:42:28,40.70669650,-73.99033498,4,13.578,,18.540,336,24,26,,
T,2021-09-15 21:42:29,40.70685737,-73.99041847,4,14.026,,19.380,336,24,26,,
T,2021-09-15 21:42:30,40.70700871,-73.99050408,4,13.840,,18.780,336,24,26,,
T,2021-09-15 21:42:31,40.70716444,-73.99057692,4,13.675,,17.960,337,24,26,,
T,2021-09-15 21:42:32,40.70731133,-73.99065267,4,13.340,,17.970,337,24,26,,
T,2021-09-15 21:42:33,40.70745636,-73.99073713,4,13.950,,17.920,337,24,26,,
T,2021-09-15 21:42:34,40.70759982,-73.99081324,4,14.896,,17.830,336,24,26,,
T,2021-09-15 21:42:35,40.70775646,-73.99088626,4,15.742,,18.620,336,24,26,,
T,2021-09-15 21:42:36,40.70792028,-73.99096575,4,16.309,,19.310,337,24,26,,
T,2021-09-15 21:42:37,40.70807021,-73.99106266,4,16.029,,18.920,335,24,26,,
T,2021-09-15 21:42:38,40.70822629,-73.99116029,4,17.186,,19.080,336,24,26,,
T,2021-09-15 21:42:39,40.70838201,-73.99126116,4,16.736,,19.430,336,24,26,,
T,2021-09-15 21:42:40,40.70854590,-73.99134816,5,18.616,,19.690,337,23,26,,
T,2021-09-15 21:42:41,40.70870043,-73.99143218,4,18.330,,19.160,337,23,26,,
T,2021-09-15 21:42:42,40.70885569,-73.99152011,5,17.447,,19.150,337,23,26,,
T,2021-09-15 21:42:43,40.70903489,-73.99162144,5,17.373,,20.450,337,23,26,,
T,2021-09-15 21:42:44,40.70919366,-73.99173004,5,16.629,,20.240,336,23,26,,
T,2021-09-15 21:42:45,40.70936771,-73.99181447,5,15.005,,20.750,336,23,26,,
T,2021-09-15 21:42:46,40.70955340,-73.99190546,5,15.486,,21.500,336,23,26,,
T,2021-09-15 21:42:47,40.70973228,-73.99201149,4,15.036,,21.620,337,23,26,,
T,2021-09-15 21:42:48,40.70990215,-73.99210156,5,14.553,,20.940,339,23,26,,
T,2021-09-15 21:42:49,40.71006908,-73.99219702,5,14.758,,20.140,338,23,26,,
T,2021-09-15 21:42:50,40.71024293,-73.99226156,5,14.908,,19.400,339,23,26,,
T,2021-09-15 21:42:51,40.71039196,-73.99234265,5,14.355,,18.420,338,24,26,,
T,2021-09-15 21:42:52,40.71055429,-73.99241285,5,13.364,,18.050,338,24,26,,
T,2021-09-15 21:42:53,40.71069679,-73.99249080,5,12.802,,17.200,338,24,26,,
T,2021-09-15 21:42:54,40.71082891,-73.99257003,5,10.999,,16.140,340,24,26,,
T,2021-09-15 21:42:55,40.71095509,-73.99264801,5,9.654,,16.060,339,24,26,,
T,2021-09-15 21:42:56,40.71109613,-73.99272419,5,8.101,,16.630,338,24,26,,
T,2021-09-15 21:42:57,40.71123555,-73.99281808,4,6.486,,17.030,338,23,26,,
T,2021-09-15 21:42:58,40.71137055,-73.99291264,4,6.566,,17.100,337,23,26,,
T,2021-09-15 21:42:59,40.71150639,-73.99298466,4,6.142,,16.570,340,23,26,,
T,2021-09-15 21:43:00,40.71163554,-73.99306013,4,5.777,,15.550,337,23,26,,
T,2021-09-15 21:43:01,40.71176085,-73.99313505,4,5.186,,14.720,338,23,26,,
T,2021-09-15 21:43:02,40.71188373,-73.99319773,4,5.323,,14.740,338,23,26,,
T,2021-09-15 21:43:03,40.71200239,-73.99326744,4,4.806,,14.950,335,24,26,,
T,2021-09-15 21:43:04,40.71212238,-73.99334425,4,5.110,,14.550,335,24,25,,
T,2021-09-15 21:43:05,40.71224018,-73.99340585,4,4.782,,13.960,337,24,25,,
T,2021-09-15 21:43:06,40.71235777,-73.99347073,4,4.563,,13.900,337,24,25,,
T,2021-09-15 21:43:07,40.71246465,-73.99354088,4,3.450,,13.140,339,24,25,,
T,2021-09-15 21:43:08,40.71257468,-73.99359540,4,3.332,,13.220,337,24,25,,
T,2021-09-15 21:43:09,40.71268492,-73.99364898,5,3.666,,13.140,338,23,25,,
T,2021-09-15 21:43:10,40.71278080,-73.99371177,6,3.472,,12.690,332,23,25,,
T,2021-09-15 21:43:11,40.71287517,-73.99376757,7,2.579,,11.510,335,21,25,,
T,2021-09-15 21:43:12,40.71298172,-73.99382989,8,2.497,,12.860,335,21,25,,
T,2021-09-15 21:43:13,40.71305599,-73.99388501,9,2.857,,11.190,332,21,25,,
T,2021-09-15 21:43:14,40.71315052,-73.99395613,9,0.700,,12.790,332,20,25,,
T,2021-09-15 21:43:15,40.71324822,-73.99400608,10,1.196,,12.290,335,19,25,,
T,2021-09-15 21:43:16,40.71335614,-73.99405970,12,1.098,,11.720,337,19,25,,
T,2021-09-15 21:43:17,40.71347263,-73.99412849,12,0.870,,13.350,335,20,25,,
T,2021-09-15 21:43:18,40.71357920,-73.99417274,12,0.785,,13.310,335,20,25,,
T,2021-09-15 21:43:19,40.71367459,-73.99420756,13,0.268,,12.450,337,18,25,,
T,2021-09-15 21:43:20,40.71379771,-73.99426597,13,0.783,,13.900,338,20,25,,
T,2021-09-15 21:43:21,40.71392482,-73.99433328,13,0.295,,15.010,338,21,25,,
T,2021-09-15 21:43:22,40.71412921,-73.99441919,13,-1.232,,16.900,341,20,25,,
T,2021-09-15 21:43:23,40.71432582,-73.99448146,11,-1.146,,17.110,342,19,25,,
T,2021-09-15 21:43:24,40.71443682,-73.99457090,9,-2.952,,15.950,339,21,25,,
T,2021-09-15 21:43:25,40.71454226,-73.99464882,6,-3.114,,15.430,338,21,25,,
T,2021-09-15 21:43:26,40.71464348,-73.99470470,5,-5.349,,14.750,338,21,25,,
T,2021-09-15 21:43:27,40.71475655,-73.99477092,4,-5.725,,14.890,337,21,25,,
T,2021-09-15 21:43:28,40.71488454,-73.99484590,4,-7.526,,14.690,336,23,25,,
T,2021-09-15 21:43:29,40.71500208,-73.99491122,4,-7.103,,14.320,337,22,25,,
T,2021-09-15 21:43:30,40.71511860,-73.99497557,4,-7.646,,13.660,336,22,25,,
T,2021-09-15 21:43:31,40.71522076,-73.99503926,4,-7.439,,12.760,337,22,25,,
T,2021-09-15 21:43:32,40.71531768,-73.99509557,4,-7.740,,12.190,338,22,25,,
T,2021-09-15 21:43:33,40.71540945,-73.99514278,4,-8.204,,11.160,340,22,25,,
T,2021-09-15 21:43:34,40.71549438,-73.99519169,4,-8.097,,10.690,339,22,25,,
T,2021-09-15 21:43:35,40.71555799,-73.99524380,4,-8.150,,9.230,338,22,25,,
T,2021-09-15 21:43:36,40.71563054,-73.99530091,4,-8.866,,8.710,336,22,25,,
T,2021-09-15 21:43:37,40.71569327,-73.99533876,4,-8.982,,8.010,333,22,25,,
T,2021-09-15 21:43:38,40.71575197,-73.99537989,4,-8.935,,7.660,336,19,25,,
T,2021-09-15 21:43:39,40.71580864,-73.99541782,4,-8.804,,7.250,334,18,25,,
T,2021-09-15 21:43:40,40.71585878,-73.99546095,4,-9.095,,6.860,331,21,25,,
T,2021-09-15 21:43:41,40.71590294,-73.99549552,4,-9.137,,6.150,328,21,24,,
T,2021-09-15 21:43:42,40.71594206,-73.99552896,4,-8.221,,5.470,324,21,25,,
T,2021-09-15 21:43:43,40.71598049,-73.99556338,4,-9.003,,5.360,322,21,25,,
T,2021-09-15 21:43:44,40.71601041,-73.99559642,4,-9.547,,4.830,321,21,25,,
T,2021-09-15 21:43:45,40.71604619,-73.99562033,4,-10.336,,4.870,318,21,25,,
T,2021-09-15 21:43:46,40.71607806,-73.99563653,5,-10.478,,4.190,316,20,25,,
T,2021-09-15 21:43:47,40.71611130,-73.99564429,5,-9.857,,3.890,314,21,25,,
T,2021-09-15 21:43:48,40.71615184,-73.99567572,6,-10.370,,3.650,328,20,25,,
T,2021-09-15 21:43:49,40.71617144,-73.99569753,7,-10.763,,3.090,317,20,25,,
T,2021-09-15 21:43:50,40.71617769,-73.99570877,7,-9.528,,1.650,313,20,25,,
T,2021-09-15 21:43:51,40.71617678,-73.99570936,7,-9.666,,0.530,316,20,25,,
T,2021-09-15 21:43:52,40.71616465,-73.99569887,8,-9.261,,0.000,,19,25,,
T,2021-09-15 21:43:57,40.71615968,-73.99570880,8,-7.862,,0.000,,19,25,,
T,2021-09-15 21:44:02,40.71615253,-73.99570128,7,-7.823,,0.000,,19,25,,
T,2021-09-15 21:44:23,40.71615286,-73.99570229,8,-7.375,,0.000,,24,25,,
T,2021-09-15 21:44:24,40.71615699,-73.99570593,7,-7.974,,0.630,321,24,25,,
T,2021-09-15 21:44:25,40.71616376,-73.99572123,6,-7.595,,1.910,303,24,25,,
T,2021-09-15 21:44:26,40.71617675,-73.99575220,6,-7.181,,3.280,301,24,25,,
T,2021-09-15 21:44:27,40.71619379,-73.99578645,6,-5.807,,3.500,305,22,25,,
T,2021-09-15 21:44:28,40.71622677,-73.99582721,7,-5.461,,4.820,319,23,25,,
T,2021-09-15 21:44:29,40.71627297,-73.99590785,7,-5.527,,6.060,316,22,25,,
T,2021-09-15 21:44:30,40.71628545,-73.99598339,6,-7.321,,6.290,308,22,25,,
T,2021-09-15 21:44:31,40.71630344,-73.99606852,5,-8.019,,6.670,296,22,25,,
T,2021-09-15 21:44:32,40.71633079,-73.99616196,5,-8.398,,7.340,296,21,25,,
T,2021-09-15 21:44:33,40.71636381,-73.99624760,5,-9.022,,7.740,294,22,25,,
T,2021-09-15 21:44:34,40.71640722,-73.99635055,5,-9.493,,8.500,296,22,25,,
T,2021-09-15 21:44:35,40.71643717,-73.99644891,5,-9.751,,8.820,296,23,24,,
T,2021-09-15 21:44:36,40.71647219,-73.99654378,5,-10.179,,8.640,297,22,24,,
T,2021-09-15 21:44:37,40.71650522,-73.99663553,5,-10.487,,8.190,295,22,24,,
T,2021-09-15 21:44:38,40.71654140,-73.99673312,5,-10.901,,8.150,292,22,24,,
T,2021-09-15 21:44:39,40.71656788,-73.99681479,5,-11.913,,7.610,296,22,24,,
T,2021-09-15 21:44:40,40.71659725,-73.99688709,5,-12.198,,6.710,303,22,24,,
T,2021-09-15 21:44:41,40.71661809,-73.99696739,6,-12.019,,6.760,292,21,24,,
T,2021-09-15 21:44:42,40.71664623,-73.99703836,7,-11.359,,7.170,294,21,24,,
T,2021-09-15 21:44:43,40.71668140,-73.99714250,7,-12.003,,8.970,294,21,24,,
T,2021-09-15 21:44:44,40.71672063,-73.99724024,7,-12.668,,8.740,297,21,24,,
T,2021-09-15 21:44:45,40.71675907,-73.99735143,7,-14.889,,8.890,293,20,24,,
T,2021-09-15 21:44:46,40.71678627,-73.99742658,8,-13.728,,7.470,293,20,24,,
T,2021-09-15 21:44:47,40.71681703,-73.99750376,9,-14.050,,7.190,296,20,24,,
T,2021-09-15 21:44:48,40.71684793,-73.99756833,11,-13.819,,7.090,297,20,24,,
T,2021-09-15 21:44:49,40.71685816,-73.99765185,11,-13.255,,7.250,292,20,24,,
T,2021-09-15 21:44:50,40.71688766,-73.99774254,10,-12.310,,8.040,294,20,24,,
T,2021-09-15 21:44:51,40.71692884,-73.99785629,10,-12.325,,8.660,297,20,24,,
T,2021-09-15 21:44:52,40.71698832,-73.99793700,10,-12.167,,8.450,305,20,24,,
T,2021-09-15 21:44:53,40.71702705,-73.99803894,10,-12.450,,8.860,300,20,23,,
T,2021-09-15 21:44:54,40.71706421,-73.99810878,9,-13.813,,7.820,303,21,24,,
T,2021-09-15 21:44:55,40.71709606,-73.99818525,8,-13.862,,6.420,304,21,24,,
T,2021-09-15 21:44:56,40.71711305,-73.99826386,8,-13.968,,6.700,299,21,24,,
T,2021-09-15 21:44:57,40.71713766,-73.99833729,9,-13.990,,6.340,297,21,24,,
T,2021-09-15 21:44:58,40.71715875,-73.99842869,9,-15.142,,7.060,295,21,24,,
T,2021-09-15 21:44:59,40.71716082,-73.99851079,9,-16.595,,6.510,284,21,24,,
T,2021-09-15 21:45:00,40.71720127,-73.99858347,8,-16.039,,6.220,298,20,24,,
T,2021-09-15 21:45:01,40.71722130,-73.99863827,6,-17.296,,5.550,294,20,24,,
T,2021-09-15 21:45:02,40.71723434,-73.99869283,6,-17.442,,4.780,287,20,24,,
T,2021-09-15 21:45:03,40.71725005,-73.99876480,8,-16.658,,6.530,286,20,24,,
T,2021-09-15 21:45:04,40.71726656,-73.99880627,8,-16.736,,4.360,296,20,24,,
T,2021-09-15 21:45:05,40.71729120,-73.99882353,7,-15.712,,4.600,316,20,24,,
T,2021-09-15 21:45:06,40.71729759,-73.99885436,8,-15.445,,3.920,297,21,24,,
T,2021-09-15 21:45:07,40.71732004,-73.99889859,8,-14.477,,4.980,304,21,24,,
T,2021-09-15 21:45:08,40.71734333,-73.99892811,8,-13.927,,4.650,311,21,24,,
T,2021-09-15 21:45:09,40.71737536,-73.99897299,7,-13.473,,4.800,317,19,24,,
T,2021-09-15 21:45:10,40.71739727,-73.99900761,7,-12.965,,3.370,305,20,24,,
T,2021-09-15 21:45:11,40.71741130,-73.99903209,6,-11.958,,2.470,305,20,24,,
T,2021-09-15 21:45:12,40.71742380,-73.99904815,6,-11.351,,1.720,305,21,24,,
T,2021-09-15 21:45:13,40.71743552,-73.99905684,6,-11.084,,1.210,304,21,24,,
T,2021-09-15 21:45:14,40.71744263,-73.99906138,5,-10.576,,0.460,301,22,24,,
T,2021-09-15 21:45:15,40.71744297,-73.99905867,6,-10.492,,0.000,,22,24,,
T,2021-09-15 21:45:58,40.71745152,-73.99906229,11,-6.639,,0.000,,13,24,,
T,2021-09-15 21:45:59,40.71746788,-73.99908454,11,-6.505,,2.110,297,14,23,,
T,2021-09-15 21:46:00,40.71747963,-73.99912094,11,-9.627,,2.350,296,17,23,,
T,2021-09-15 21:46:01,40.71749201,-73.99915555,11,-9.400,,2.430,296,18,23,,
T,2021-09-15 21:46:02,40.71749607,-73.99917568,11,-9.156,,1.610,296,18,23,,
T,2021-09-15 21:46:04,40.71750042,-73.99919391,11,-7.563,,1.020,296,18,23,,
T,2021-09-15 21:46:05,40.71751276,-73.99920870,11,-8.881,,1.060,296,18,23,,
T,2021-09-15 21:46:06,40.71753665,-73.99922498,12,-10.745,,1.510,295,16,23,,
T,2021-09-15 21:46:07,40.71756348,-73.99923465,13,-11.472,,1.680,295,14,23,,
T,2021-09-15 21:46:08,40.71758792,-73.99924383,14,-11.379,,1.750,295,14,23,,
T,2021-09-15 21:46:09,40.71760022,-73.99924543,14,-11.002,,1.180,294,14,23,,
T,2021-09-15 21:46:10,40.71763012,-73.99924519,15,-12.367,,1.950,295,13,23,,
T,2021-09-15 21:46:11,40.71763473,-73.99924127,13,-12.876,,0.000,,14,23,,
T,2021-09-15 21:46:12,40.71763431,-73.99924444,13,-12.402,,0.360,294,14,23,,
T,2021-09-15 21:46:13,40.71763710,-73.99924622,12,-13.136,,0.000,,16,23,,
T,2021-09-15 21:46:14,40.71764841,-73.99923814,13,-12.878,,0.000,,16,23,,
T,2021-09-15 21:46:22,40.71766215,-73.99922029,16,-14.207,,0.000,,12,23,,
T,2021-09-15 21:46:25,40.71765341,-73.99922628,15,-13.088,,0.000,,15,23,,
T,2021-09-15 21:46:33,40.71764380,-73.99923230,14,-12.414,,0.000,,15,23,,
T,2021-09-15 21:46:52,40.71763842,-73.99924215,13,-12.577,,0.000,,14,23,,
T,2021-09-15 21:47:42,40.71764184,-73.99924931,11,-12.339,,0.000,,19,23,,
T,2021-09-15 21:47:43,40.71764071,-73.99925830,11,-11.465,,0.500,297,19,23,,
T,2021-09-15 21:47:45,40.71764023,-73.99927269,11,-13.619,,0.810,311,20,23,,
T,2021-09-15 21:47:46,40.71763796,-73.99929216,11,-14.157,,1.210,282,20,23,,
T,2021-09-15 21:47:47,40.71763904,-73.99929425,11,-13.892,,0.000,,20,23,,
T,2021-09-15 21:48:09,40.71763794,-73.99930601,10,-13.916,,0.000,,18,23,,
T,2021-09-15 21:48:10,40.71765626,-73.99933764,11,-15.094,,2.330,296,19,23,,
T,2021-09-15 21:48:11,40.71767554,-73.99937002,11,-14.307,,2.460,296,19,23,,
T,2021-09-15 21:48:12,40.71769390,-73.99939569,11,-12.984,,2.080,297,19,23,,
T,2021-09-15 21:48:13,40.71771135,-73.99942170,11,-14.546,,1.850,296,19,23,,
T,2021-09-15 21:48:14,40.71772833,-73.99944880,12,-15.383,,2.180,296,19,23,,
T,2021-09-15 21:48:15,40.71774036,-73.99948269,13,-14.965,,2.310,296,19,23,,
T,2021-09-15 21:48:16,40.71775271,-73.99951553,12,-15.489,,2.140,296,18,23,,
T,2021-09-15 21:48:17,40.71776412,-73.99954418,12,-13.749,,1.790,296,18,23,,
T,2021-09-15 21:48:18,40.71777460,-73.99956081,12,-14.438,,1.120,297,19,23,,
T,2021-09-15 21:48:19,40.71779336,-73.99956207,12,-13.528,,0.600,296,19,23,,
T,2021-09-15 21:48:20,40.71780846,-73.99956448,12,-13.171,,0.420,296,19,23,,
T,2021-09-15 21:48:21,40.71782376,-73.99956144,12,-11.693,,0.330,297,19,23,,
T,2021-09-15 21:48:22,40.71783564,-73.99955712,12,-11.927,,0.350,296,19,23,,
T,2021-09-15 21:48:23,40.71784914,-73.99955001,13,-11.361,,0.450,297,19,23,,
T,2021-09-15 21:48:24,40.71785500,-73.99954823,13,-11.847,,0.000,,18,23,,
T,2021-09-15 21:48:25,40.71787067,-73.99954430,13,-12.762,,0.000,,19,23,,
T,2021-09-15 21:48:28,40.71786734,-73.99955681,13,-12.798,,0.000,,18,23,,
T,2021-09-15 21:48:30,40.71785819,-73.99956353,13,-12.540,,0.000,,17,23,,
T,2021-09-15 21:48:32,40.71784950,-73.99956856,13,-12.409,,0.000,,18,23,,
T,2021-09-15 21:48:50,40.71784106,-73.99957302,13,-12.706,,0.000,,15,23,,
T,2021-09-15 21:49:04,40.71783297,-73.99957912,12,-12.235,,0.000,,20,23,,
T,2021-09-15 21:49:05,40.71783264,-73.99957941,11,-12.233,,0.000,,19,23,,
T,2021-09-15 21:49:06,40.71784862,-73.99960993,11,-10.568,,2.570,296,19,23,,
T,2021-09-15 21:49:07,40.71787058,-73.99963910,11,-8.460,,2.650,297,19,23,,
T,2021-09-15 21:49:08,40.71789056,-73.99966468,11,-6.470,,2.380,297,18,23,,
T,2021-09-15 21:49:09,40.71790463,-73.99968451,11,-6.500,,1.740,297,19,23,,
T,2021-09-15 21:49:10,40.71791766,-73.99969918,11,-5.641,,1.540,297,20,23,,
T,2021-09-15 21:49:11,40.71791959,-73.99971556,11,-4.449,,1.250,297,21,23,,
T,2021-09-15 21:49:12,40.71791672,-73.99973247,11,-4.376,,1.110,296,20,23,,
T,2021-09-15 21:49:13,40.71791483,-73.99974960,11,-4.625,,1.300,297,20,23,,
T,2021-09-15 21:49:14,40.71791648,-73.99976393,11,-4.771,,1.050,297,20,23,,
T,2021-09-15 21:49:15,40.71792422,-73.99978060,11,-5.442,,1.180,299,19,23,,
T,2021-09-15 21:49:16,40.71793000,-73.99979421,11,-4.902,,0.910,300,21,23,,
T,2021-09-15 21:49:17,40.71793812,-73.99980791,11,-5.764,,1.250,302,21,23,,
T,2021-09-15 21:49:18,40.71795176,-73.99981539,10,-8.918,,0.860,306,20,23,,
T,2021-09-15 21:49:20,40.71797071,-73.99982064,10,-8.956,,0.610,313,21,23,,
T,2021-09-15 21:49:21,40.71798489,-73.99982374,10,-9.900,,0.820,336,21,23,,
T,2021-09-15 21:49:22,40.71799803,-73.99982550,10,-10.741,,0.800,347,22,23,,
T,2021-09-15 21:49:23,40.71801379,-73.99982689,10,-10.394,,1.070,356,22,23,,
T,2021-09-15 21:49:24,40.71802770,-73.99982694,10,-11.412,,0.810,6,22,23,,
T,2021-09-15 21:49:25,40.71804168,-73.99982524,10,-11.082,,0.990,16,22,23,,
T,2021-09-15 21:49:26,40.71805890,-73.99982148,10,-11.085,,1.470,25,21,23,,
T,2021-09-15 21:49:27,40.71807473,-73.99981616,10,-10.729,,1.450,31,21,23,,
T,2021-09-15 21:49:28,40.71810781,-73.99979032,11,-10.753,,4.010,33,21,23,,
T,2021-09-15 21:49:29,40.71816623,-73.99974260,10,-10.071,,5.420,34,21,23,,
T,2021-09-15 21:49:30,40.71820754,-73.99970903,10,-9.022,,5.270,35,21,23,,
T,2021-09-15 21:49:31,40.71824344,-73.99967867,10,-8.840,,5.040,36,20,23,,
T,2021-09-15 21:49:32,40.71827797,-73.99964240,10,-8.937,,4.450,39,20,23,,
T,2021-09-15 21:49:33,40.71830419,-73.99961669,11,-8.442,,3.900,42,20,23,,
T,2021-09-15 21:49:34,40.71833834,-73.99959795,11,-6.879,,3.530,40,19,23,,
T,2021-09-15 21:49:35,40.71835035,-73.99958021,12,-6.527,,3.060,40,19,23,,
T,2021-09-15 21:49:36,40.71835376,-73.99955759,11,-4.607,,2.320,40,19,23,,
T,2021-09-15 21:49:37,40.71836828,-73.99954350,11,-4.820,,1.660,39,20,23,,
T,2021-09-15 21:49:38,40.71837660,-73.99953386,11,-4.365,,1.100,38,21,23,,
T,2021-09-15 21:49:40,40.71838044,-73.99952407,11,-2.657,,0.280,38,19,23,,
T,2021-09-15 21:49:41,40.71838294,-73.99952028,11,-1.813,,0.000,,19,23,,
T,2021-09-15 21:49:44,40.71837808,-73.99950937,11,-2.014,,0.000,,17,23,,
T,2021-09-15 21:49:48,40.71837047,-73.99949884,11,-1.735,,0.000,,17,23,,
T,2021-09-15 21:49:55,40.71837035,-73.99949308,11,-0.191,,0.000,,17,23,,
T,2021-09-15 21:49:56,40.71837366,-73.99948780,10,0.296,,0.500,41,19,22,,
T,2021-09-15 21:49:57,40.71838580,-73.99947565,10,1.431,,1.900,42,19,23,,
T,2021-09-15 21:49:58,40.71840769,-73.99945578,10,1.741,,3.000,39,19,23,,
T,2021-09-15 21:49:59,40.71843864,-73.99943159,10,1.672,,4.130,37,18,23,,
T,2021-09-15 21:50:00,40.71848831,-73.99940762,10,2.692,,5.320,36,18,23,,
T,2021-09-15 21:50:01,40.71854321,-73.99936302,10,4.368,,6.380,36,18,23,,
T,2021-09-15 21:50:02,40.71860308,-73.99932015,10,4.518,,7.450,35,17,23,,
T,2021-09-15 21:50:03,40.71868014,-73.99927359,11,3.903,,8.500,33,19,23,,
T,2021-09-15 21:50:04,40.71875961,-73.99921835,11,3.252,,9.230,33,19,23,,
T,2021-09-15 21:50:05,40.71882402,-73.99914662,12,3.842,,9.670,35,19,23,,
T,2021-09-15 21:50:06,40.71892504,-73.99909895,12,1.986,,10.060,32,19,23,,
T,2021-09-15 21:50:07,40.71900856,-73.99904983,12,1.409,,9.360,32,18,23,,
T,2021-09-15 21:50:09,40.71914638,-73.99894201,12,1.882,,8.130,32,17,23,,
T,2021-09-15 21:50:10,40.71919228,-73.99891046,12,2.110,,6.880,31,17,23,,
T,2021-09-15 21:50:11,40.71923617,-73.99887103,11,1.487,,6.190,31,16,23,,
T,2021-09-15 21:50:12,40.71927692,-73.99883537,11,2.178,,5.980,30,15,23,,
T,2021-09-15 21:50:13,40.71931996,-73.99880272,11,3.079,,6.200,30,16,23,,
T,2021-09-15 21:50:14,40.71935301,-73.99875004,11,2.923,,6.630,34,16,23,,
T,2021-09-15 21:50:15,40.71941244,-73.99869424,11,1.250,,7.620,30,12,23,,
T,2021-09-15 21:50:16,40.71947941,-73.99865161,12,1.247,,8.560,29,11,23,,
T,2021-09-15 21:50:17,40.71955947,-73.99861075,12,2.045,,9.310,29,12,23,,
T,2021-09-15 21:50:18,40.71964421,-73.99855673,12,0.552,,9.800,30,11,23,,
T,2021-09-15 21:50:19,40.71972716,-73.99849147,11,-0.500,,10.310,31,13,23,,
T,2021-09-15 21:50:20,40.71982885,-73.99844282,11,-1.588,,10.810,32,14,23,,
T,2021-09-15 21:50:21,40.71990609,-73.99837524,11,-2.333,,10.880,33,12,23,,
T,2021-09-15 21:50:22,40.71999110,-73.99829760,11,-2.401,,11.430,33,7,23,,
T,2021-09-15 21:50:23,40.72007695,-73.99822354,11,-1.883,,11.490,33,9,23,,
T,2021-09-15 21:50:24,40.72016663,-73.99814939,11,-2.882,,10.970,34,7,23,,
T,2021-09-15 21:50:25,40.72024714,-73.99807548,12,-2.098,,10.460,34,9,23,,
T,2021-09-15 21:50:26,40.72031941,-73.99800790,12,-2.650,,9.790,35,9,23,,
T,2021-09-15 21:50:27,40.72038371,-73.99795092,12,-2.651,,8.540,35,10,23,,
T,2021-09-15 21:50:28,40.72044507,-73.99789526,12,-1.821,,7.430,35,8,23,,
T,2021-09-15 21:50:29,40.72049472,-73.99785301,12,-0.957,,6.390,35,10,23,,
T,2021-09-15 21:50:30,40.72054253,-73.99781049,12,-0.660,,5.520,35,10,23,,
T,2021-09-15 21:50:31,40.72057942,-73.99777844,13,0.944,,4.350,35,10,23,,
T,2021-09-15 21:50:32,40.72060196,-73.99775848,13,-0.030,,3.680,35,9,23,,
T,2021-09-15 21:50:33,40.72062933,-73.99773638,12,1.909,,3.040,34,12,23,,
T,2021-09-15 21:50:34,40.72064848,-73.99771759,12,2.099,,2.550,32,11,23,,
T,2021-09-15 21:50:35,40.72066829,-73.99770281,12,2.145,,2.070,31,11,23,,
T,2021-09-15 21:50:36,40.72068540,-73.99769480,12,2.133,,1.710,30,12,23,,
T,2021-09-15 21:50:37,40.72070742,-73.99769312,11,0.327,,1.560,28,14,23,,
T,2021-09-15 21:50:38,40.72072089,-73.99768832,11,-0.629,,1.390,27,11,23,,
T,2021-09-15 21:50:39,40.72074421,-73.99768781,11,-2.776,,1.680,25,15,23,,
T,2021-09-15 21:50:40,40.72076679,-73.99768466,11,-3.855,,2.030,25,12,23,,
T,2021-09-15 21:50:41,40.72078781,-73.99767468,11,-4.084,,2.350,24,10,23,,
T,2021-09-15 21:50:42,40.72081269,-73.99766515,11,-3.741,,2.790,23,10,23,,
T,2021-09-15 21:50:43,40.72083802,-73.99765068,11,-3.910,,3.180,21,12,23,,
T,2021-09-15 21:50:44,40.72086634,-73.99763969,11,-4.986,,2.900,20,11,23,,
T,2021-09-15 21:50:45,40.72088518,-73.99762723,11,-5.103,,2.230,20,11,23,,
T,2021-09-15 21:50:46,40.72090403,-73.99761621,12,-5.204,,2.240,20,9,23,,
T,2021-09-15 21:50:47,40.72092570,-73.99760606,12,-4.894,,2.560,19,7,23,,
T,2021-09-15 21:50:48,40.72095029,-73.99759500,12,-4.459,,2.770,19,9,23,,
T,2021-09-15 21:50:49,40.72097151,-73.99758455,12,-4.000,,2.680,20,9,23,,
T,2021-09-15 21:50:50,40.72099498,-73.99757370,12,-3.762,,2.920,21,9,23,,
T,2021-09-15 21:50:51,40.72101991,-73.99756111,12,-3.611,,3.090,21,9,23,,
T,2021-09-15 21:50:52,40.72103497,-73.99755523,12,-2.806,,2.750,21,8,23,,
T,2021-09-15 21:50:53,40.72105441,-73.99754623,12,-2.341,,2.350,20,11,23,,
T,2021-09-15 21:50:54,40.72106897,-73.99753938,12,-2.013,,1.060,20,9,23,,
T,2021-09-15 21:50:55,40.72107662,-73.99753335,12,-1.941,,0.180,20,10,23,,
T,2021-09-15 21:50:56,40.72107648,-73.99753388,12,-2.054,,0.000,,9,23,,
T,2021-09-15 21:51:02,40.72113008,-73.99749593,11,-5.230,,0.000,,12,23,,
T,2021-09-15 21:51:03,40.72111969,-73.99749609,11,-4.951,,0.000,,17,23,,
T,2021-09-15 21:51:04,40.72110777,-73.99749267,11,-4.793,,0.000,,16,23,,
T,2021-09-15 21:51:07,40.72109781,-73.99748571,11,-4.453,,0.000,,15,23,,
T,2021-09-15 21:51:11,40.72109996,-73.99749971,11,-4.763,,0.000,,15,23,,
T,2021-09-15 21:51:15,40.72109761,-73.99751133,11,-4.307,,0.000,,17,23,,
T,2021-09-15 21:51:47,40.72110021,-73.99751275,11,-3.592,,0.000,,14,23,,
T,2021-09-15 21:51:48,40.72111464,-73.99750333,11,-5.468,,1.010,16,15,23,,
T,2021-09-15 21:51:49,40.72113289,-73.99750026,11,-7.156,,1.300,15,15,23,,
T,2021-09-15 21:51:50,40.72115093,-73.99749993,11,-8.407,,1.630,15,16,23,,
T,2021-09-15 21:51:51,40.72116982,-73.99749524,11,-8.838,,1.920,15,16,23,,
T,2021-09-15 21:51:52,40.72120600,-73.99747917,11,-11.082,,3.500,15,18,23,,
T,2021-09-15 21:51:53,40.72124214,-73.99746367,11,-11.005,,3.280,15,18,23,,
T,2021-09-15 21:51:54,40.72128276,-73.99745437,11,-10.429,,3.660,15,17,23,,
T,2021-09-15 21:51:55,40.72133231,-73.99744588,11,-10.087,,4.750,12,17,23,,
T,2021-09-15 21:51:56,40.72137371,-73.99743011,11,-10.022,,4.220,15,17,23,,
T,2021-09-15 21:51:57,40.72141014,-73.99741687,12,-8.980,,3.840,15,18,23,,
T,2021-09-15 21:51:58,40.72143352,-73.99741169,11,-10.457,,2.870,13,17,23,,
T,2021-09-15 21:51:59,40.72144354,-73.99740976,11,-8.309,,1.290,14,18,23,,
T,2021-09-15 21:52:02,40.72142642,-73.99740773,11,-2.486,,0.390,14,18,23,,
T,2021-09-15 21:52:06,40.72144851,-73.99740557,11,1.729,,1.420,9,20,23,,
T,2021-09-15 21:52:07,40.72145482,-73.99740876,11,0.764,,0.000,,20,23,,
T,2021-09-15 21:52:08,40.72146478,-73.99741514,11,0.640,,0.700,7,20,23,,
T,2021-09-15 21:52:09,40.72148104,-73.99741875,12,0.818,,1.270,7,20,23,,
T,2021-09-15 21:52:10,40.72150181,-73.99741930,12,-0.200,,1.580,6,20,23,,
T,2021-09-15 21:52:11,40.72152255,-73.99741804,12,-0.672,,1.490,6,21,23,,
T,2021-09-15 21:52:12,40.72154521,-73.99741456,13,-1.353,,1.610,6,20,23,,
T,2021-09-15 21:52:13,40.72156453,-73.99740959,14,-1.374,,1.540,7,20,23,,
T,2021-09-15 21:52:14,40.72157544,-73.99740590,14,-1.171,,0.660,6,20,23,,
T,2021-09-15 21:52:15,40.72159049,-73.99740363,14,-0.287,,0.650,6,20,23,,
T,2021-09-15 21:52:16,40.72159985,-73.99740226,14,-0.226,,0.440,6,20,23,,
T,2021-09-15 21:52:18,40.72161347,-73.99740097,14,1.374,,0.430,6,22,23,,
T,2021-09-15 21:52:19,40.72163043,-73.99739818,14,1.750,,0.760,6,22,23,,
T,2021-09-15 21:52:20,40.72164443,-73.99739702,14,2.736,,0.700,6,22,23,,
T,2021-09-15 21:52:21,40.72166117,-73.99739671,14,2.669,,0.850,6,21,23,,
T,2021-09-15 21:52:22,40.72167142,-73.99739607,14,3.398,,0.310,6,20,23,,
T,2021-09-15 21:52:24,40.72169238,-73.99739525,13,2.153,,0.400,5,18,23,,
T,2021-09-15 21:52:25,40.72170617,-73.99739554,13,2.204,,0.350,5,17,23,,
T,2021-09-15 21:52:26,40.72172009,-73.99739663,13,1.362,,0.310,5,17,23,,
T,2021-09-15 21:52:27,40.72171591,-73.99739457,13,0.696,,0.000,,17,23,,
T,2021-09-15 21:52:28,40.72172789,-73.99739565,13,1.217,,0.000,,17,23,,
T,2021-09-15 21:52:33,40.72173701,-73.99739189,13,3.806,,0.000,,21,23,,
T,2021-09-15 21:52:43,40.72174362,-73.99739517,12,4.665,,0.000,,18,23,,
T,2021-09-15 21:52:44,40.72176508,-73.99738437,12,5.052,,2.060,6,18,23,,
T,2021-09-15 21:52:45,40.72178950,-73.99737755,12,5.880,,1.900,7,18,23,,
T,2021-09-15 21:52:46,40.72181424,-73.99736120,12,5.106,,2.200,8,19,23,,
T,2021-09-15 21:52:47,40.72183226,-73.99735048,12,7.266,,1.460,8,20,23,,
T,2021-09-15 21:52:48,40.72185053,-73.99734442,12,8.720,,1.550,6,19,23,,
T,2021-09-15 21:52:49,40.72186776,-73.99733781,12,9.586,,1.330,4,18,23,,
T,2021-09-15 21:52:50,40.72187790,-73.99734370,13,9.736,,1.010,1,16,23,,
T,2021-09-15 21:52:52,40.72188337,-73.99736339,13,12.026,,0.330,2,19,23,,
T,2021-09-15 21:52:53,40.72188575,-73.99737444,14,13.117,,0.280,1,18,23,,
T,2021-09-15 21:52:54,40.72188405,-73.99738596,13,15.028,,0.000,,18,23,,
T,2021-09-15 21:52:55,40.72188245,-73.99740194,14,18.240,,0.160,1,18,23,,
T,2021-09-15 21:52:56,40.72187995,-73.99740711,14,16.660,,0.000,,17,23,,
T,2021-09-15 21:52:58,40.72187010,-73.99742595,14,19.886,,0.000,,18,23,,
T,2021-09-15 21:52:59,40.72186669,-73.99744488,14,20.268,,0.000,,18,23,,
T,2021-09-15 21:53:01,40.72185958,-73.99746372,14,20.806,,0.000,,19,23,,
T,2021-09-15 21:53:04,40.72185664,-73.99747819,15,21.964,,0.000,,18,23,,
T,2021-09-15 21:53:08,40.72186438,-73.99747189,13,23.207,,0.000,,19,23,,
T,2021-09-15 21:53:09,40.72191937,-73.99740798,13,17.701,,4.910,2,18,23,,
T,2021-09-15 21:53:10,40.72203026,-73.99712219,13,10.777,,7.510,45,17,23,,
T,2021-09-15 21:53:11,40.72211130,-73.99711066,12,7.986,,7.080,30,18,23,,
T,2021-09-15 21:53:12,40.72215923,-73.99708768,12,9.833,,6.810,9,19,23,,
T,2021-09-15 21:53:13,40.72224240,-73.99708033,12,11.153,,7.470,11,18,23,,
T,2021-09-15 21:53:14,40.72234152,-73.99705814,12,12.215,,8.400,13,18,23,,
T,2021-09-15 21:53:15,40.72246685,-73.99701884,12,7.723,,9.530,16,18,23,,
T,2021-09-15 21:53:16,40.72258933,-73.99699095,12,3.116,,10.160,17,18,23,,
T,2021-09-15 21:53:17,40.72267852,-73.99695615,12,2.004,,10.430,17,18,23,,
T,2021-09-15 21:53:18,40.72280102,-73.99689440,12,-2.464,,10.930,18,18,23,,
T,2021-09-15 21:53:19,40.72289403,-73.99685975,12,-3.966,,10.330,16,19,23,,
T,2021-09-15 21:53:20,40.72299847,-73.99683553,12,-5.431,,9.440,16,18,23,,
T,2021-09-15 21:53:21,40.72307168,-73.99681040,12,-3.768,,8.720,16,19,23,,
T,2021-09-15 21:53:22,40.72315706,-73.99679349,11,-4.469,,7.770,16,19,23,,
T,2021-09-15 21:53:23,40.72321106,-73.99677326,11,-5.502,,6.730,16,19,23,,
T,2021-09-15 21:53:24,40.72326717,-73.99674253,11,-6.026,,6.240,17,19,23,,
T,2021-09-15 21:53:25,40.72331811,-73.99671045,11,-8.099,,5.230,19,18,23,,
T,2021-09-15 21:53:26,40.72336103,-73.99668255,11,-8.414,,4.670,21,18,23,,
T,2021-09-15 21:53:27,40.72338973,-73.99667339,11,-7.854,,3.580,22,18,23,,
T,2021-09-15 21:53:28,40.72341558,-73.99666251,11,-9.182,,2.940,24,18,23,,
T,2021-09-15 21:53:29,40.72343721,-73.99664781,11,-8.332,,2.280,27,19,23,,
T,2021-09-15 21:53:30,40.72344409,-73.99663362,11,-7.410,,1.230,29,19,23,,
T,2021-09-15 21:53:31,40.72344975,-73.99662210,11,-6.731,,0.930,30,19,23,,
T,2021-09-15 21:53:33,40.72345707,-73.99661440,11,-7.560,,0.160,30,20,23,,
T,2021-09-15 21:53:34,40.72346478,-73.99660163,12,-8.478,,0.000,,20,23,,
T,2021-09-15 21:53:36,40.72347477,-73.99658833,11,-9.119,,0.000,,21,23,,
T,2021-09-15 21:53:51,40.72346981,-73.99659574,11,-6.360,,0.000,,19,23,,
T,2021-09-15 21:53:52,40.72353164,-73.99655504,11,-6.174,,5.040,31,19,23,,
T,2021-09-15 21:53:53,40.72359139,-73.99649767,11,-7.491,,6.200,34,18,23,,
T,2021-09-15 21:53:54,40.72364604,-73.99645293,11,-7.904,,6.790,30,19,23,,
T,2021-09-15 21:53:55,40.72371605,-73.99641682,11,-8.239,,6.320,26,19,23,,
T,2021-09-15 21:53:56,40.72379724,-73.99639443,11,-10.748,,7.190,28,17,23,,
T,2021-09-15 21:53:57,40.72385832,-73.99635148,12,-11.279,,7.350,28,17,23,,
T,2021-09-15 21:53:58,40.72394052,-73.99627950,11,-10.763,,9.330,27,19,23,,
T,2021-09-15 21:53:59,40.72402456,-73.99622130,12,-9.514,,9.450,31,17,23,,
T,2021-09-15 21:54:00,40.72411403,-73.99616339,12,-10.845,,9.350,31,17,23,,
T,2021-09-15 21:54:01,40.72415981,-73.99614179,12,-10.328,,7.450,32,17,23,,
T,2021-09-15 21:54:02,40.72422041,-73.99609411,13,-10.435,,7.500,33,17,23,,
T,2021-09-15 21:54:03,40.72427345,-73.99605747,14,-10.830,,7.240,32,14,23,,
T,2021-09-15 21:54:04,40.72428550,-73.99604680,15,-10.791,,5.400,33,13,23,,
T,2021-09-15 21:54:05,40.72434565,-73.99600738,17,-11.150,,5.770,32,14,23,,
T,2021-09-15 21:54:06,40.72434374,-73.99597435,17,-10.142,,4.760,39,15,23,,
T,2021-09-15 21:54:07,40.72434163,-73.99595647,17,-10.178,,3.780,41,13,23,,
T,2021-09-15 21:54:08,40.72437579,-73.99590518,17,-11.271,,4.110,45,13,23,,
T,2021-09-15 21:54:09,40.72438997,-73.99590684,16,-11.343,,3.200,45,12,23,,
T,2021-09-15 21:54:10,40.72439551,-73.99591975,16,-10.348,,2.660,43,12,23,,
T,2021-09-15 21:54:11,40.72442613,-73.99589268,14,-10.833,,3.490,41,13,23,,
T,2021-09-15 21:54:12,40.72444288,-73.99586281,13,-10.695,,3.720,43,13,22,,
T,2021-09-15 21:54:13,40.72446564,-73.99582532,13,-11.092,,4.210,44,14,23,,
T,2021-09-15 21:54:14,40.72450649,-73.99577771,13,-11.200,,5.810,43,14,23,,
T,2021-09-15 21:54:15,40.72453886,-73.99572755,13,-10.981,,5.780,44,15,23,,
T,2021-09-15 21:54:16,40.72458140,-73.99565866,15,-10.060,,6.200,45,15,23,,
T,2021-09-15 21:54:17,40.72465999,-73.99561958,14,-9.658,,7.750,39,15,23,,
T,2021-09-15 21:54:18,40.72471144,-73.99553266,14,-11.113,,7.600,38,16,23,,
T,2021-09-15 21:54:19,40.72475466,-73.99547392,13,-11.120,,7.410,46,16,23,,
T,2021-09-15 21:54:20,40.72478722,-73.99540355,13,-9.642,,7.190,45,16,23,,
T,2021-09-15 21:54:21,40.72485368,-73.99536462,12,-9.439,,7.440,43,17,23,,
T,2021-09-15 21:54:22,40.72494571,-73.99537785,12,-9.346,,7.730,38,18,23,,
T,2021-09-15 21:54:23,40.72503011,-73.99533645,11,-8.646,,8.510,38,19,23,,
T,2021-09-15 21:54:24,40.72510643,-73.99530440,11,-8.136,,9.000,34,20,23,,
T,2021-09-15 21:54:25,40.72517849,-73.99524899,11,-8.758,,10.160,33,19,23,,
T,2021-09-15 21:54:26,40.72527306,-73.99518105,10,-7.481,,11.010,33,20,23,,
T,2021-09-15 21:54:27,40.72537270,-73.99511191,10,-7.852,,11.680,33,20,23,,
T,2021-09-15 21:54:28,40.72546734,-73.99503508,11,-7.463,,12.370,32,20,23,,
T,2021-09-15 21:54:29,40.72556595,-73.99495068,11,-7.975,,12.740,31,19,23,,
T,2021-09-15 21:54:30,40.72565967,-73.99486746,11,-7.761,,12.660,34,19,23,,
T,2021-09-15 21:54:31,40.72575235,-73.99477266,11,-7.740,,12.520,31,19,23,,
T,2021-09-15 21:54:32,40.72584595,-73.99469693,11,-8.135,,11.870,32,17,23,,
T,2021-09-15 21:54:33,40.72593948,-73.99461402,12,-6.773,,11.830,33,17,23,,
T,2021-09-15 21:54:34,40.72603052,-73.99455071,12,-6.615,,11.480,29,17,23,,
T,2021-09-15 21:54:35,40.72610644,-73.99448831,12,-6.381,,10.970,31,19,23,,
T,2021-09-15 21:54:36,40.72619981,-73.99442511,13,-5.742,,11.050,29,20,23,,
T,2021-09-15 21:54:37,40.72630104,-73.99434121,13,-5.419,,11.270,30,20,23,,
T,2021-09-15 21:54:38,40.72637042,-73.99429472,13,-6.413,,10.520,31,20,23,,
T,2021-09-15 21:54:39,40.72645539,-73.99422637,13,-5.577,,10.340,32,19,23,,
T,2021-09-15 21:54:40,40.72654407,-73.99415057,12,-4.781,,10.730,30,19,23,,
T,2021-09-15 21:54:41,40.72663297,-73.99410462,13,-5.181,,10.780,29,18,23,,
T,2021-09-15 21:54:42,40.72670515,-73.99406832,13,-3.154,,9.200,29,16,23,,
T,2021-09-15 21:54:43,40.72674829,-73.99403526,12,-3.262,,8.410,27,18,23,,
T,2021-09-15 21:54:44,40.72680921,-73.99399696,12,-3.585,,8.520,32,19,23,,
T,2021-09-15 21:54:45,40.72687135,-73.99394519,12,-2.335,,8.870,32,19,23,,
T,2021-09-15 21:54:46,40.72694742,-73.99388592,12,-0.720,,9.000,32,18,23,,
T,2021-09-15 21:54:47,40.72700795,-73.99384910,12,-1.770,,8.590,32,19,23,,
T,2021-09-15 21:54:48,40.72706772,-73.99381756,11,-3.251,,7.980,33,19,23,,
T,2021-09-15 21:54:49,40.72712100,-73.99377218,12,-3.231,,7.350,35,18,23,,
T,2021-09-15 21:54:50,40.72718107,-73.99370913,12,-2.592,,7.580,35,18,23,,
T,2021-09-15 21:54:51,40.72723536,-73.99366342,11,-4.627,,6.890,30,19,23,,
T,2021-09-15 21:54:52,40.72728621,-73.99362130,11,-3.795,,6.400,31,19,23,,
T,2021-09-15 21:54:53,40.72733377,-73.99357843,12,-4.632,,6.420,33,19,23,,
T,2021-09-15 21:54:54,40.72736302,-73.99353910,11,-4.811,,5.480,34,19,23,,
T,2021-09-15 21:54:55,40.72739357,-73.99350167,11,-5.610,,5.220,37,20,23,,
T,2021-09-15 21:54:56,40.72742845,-73.99346613,11,-5.381,,5.510,38,20,23,,
T,2021-09-15 21:54:57,40.72747311,-73.99342193,11,-3.215,,5.940,32,19,23,,
T,2021-09-15 21:54:58,40.72752846,-73.99337714,11,-2.740,,6.680,28,18,23,,
T,2021-09-15 21:54:59,40.72758761,-73.99333540,12,-2.565,,7.410,30,17,23,,
T,2021-09-15 21:55:00,40.72765242,-73.99328510,12,-1.556,,8.370,30,17,23,,
T,2021-09-15 21:55:01,40.72772120,-73.99323106,13,-1.326,,9.230,30,17,23,,
T,2021-09-15 21:55:02,40.72779182,-73.99316911,12,-1.838,,9.910,33,16,23,,
T,2021-09-15 21:55:03,40.72787743,-73.99309704,12,-3.047,,10.690,32,16,23,,
T,2021-09-15 21:55:04,40.72796035,-73.99301286,12,-4.263,,10.870,34,18,23,,
T,2021-09-15 21:55:05,40.72804975,-73.99293870,12,-4.384,,11.360,30,18,23,,
T,2021-09-15 21:55:06,40.72815088,-73.99286527,12,-5.540,,11.260,27,18,23,,
T,2021-09-15 21:55:07,40.72823080,-73.99279197,12,-5.908,,10.590,29,19,23,,
T,2021-09-15 21:55:08,40.72830554,-73.99272381,12,-5.598,,10.590,36,19,23,,
T,2021-09-15 21:55:09,40.72839280,-73.99263611,12,-5.133,,11.030,39,19,23,,
T,2021-09-15 21:55:10,40.72848272,-73.99255108,12,-5.335,,11.510,36,17,23,,
T,2021-09-15 21:55:11,40.72858104,-73.99248509,13,-7.843,,11.180,39,17,23,,
T,2021-09-15 21:55:12,40.72865290,-73.99240514,13,-7.327,,10.570,40,17,23,,
T,2021-09-15 21:55:13,40.72873027,-73.99236484,13,-8.324,,10.070,31,18,22,,
T,2021-09-15 21:55:14,40.72880352,-73.99231194,13,-9.249,,9.890,28,18,23,,
T,2021-09-15 21:55:15,40.72887586,-73.99224938,13,-6.825,,9.440,31,18,23,,
T,2021-09-15 21:55:16,40.72894001,-73.99221249,13,-7.381,,8.190,35,18,23,,
T,2021-09-15 21:55:17,40.72901638,-73.99217721,13,-6.917,,8.150,34,17,23,,
T,2021-09-15 21:55:18,40.72908036,-73.99211673,14,-7.286,,8.520,34,16,23,,
T,2021-09-15 21:55:19,40.72912652,-73.99206636,14,-7.734,,6.970,42,14,23,,
T,2021-09-15 21:55:20,40.72917834,-73.99207587,13,-6.379,,5.240,29,14,23,,
T,2021-09-15 21:55:21,40.72920530,-73.99206175,13,-6.245,,5.050,33,15,23,,
T,2021-09-15 21:55:22,40.72925929,-73.99201530,14,-7.081,,5.840,34,15,23,,
T,2021-09-15 21:55:23,40.72929928,-73.99199707,15,-7.960,,5.670,32,15,23,,
T,2021-09-15 21:55:24,40.72935148,-73.99193881,15,-7.032,,6.090,34,15,23,,
T,2021-09-15 21:55:25,40.72938797,-73.99191367,14,-5.793,,5.400,35,16,23,,
T,2021-09-15 21:55:26,40.72940735,-73.99186214,15,-5.889,,5.150,41,16,23,,
T,2021-09-15 21:55:27,40.72945096,-73.99184281,14,-5.258,,5.360,32,17,23,,
T,2021-09-15 21:55:28,40.72949596,-73.99181336,14,-5.423,,5.050,29,17,23,,
T,2021-09-15 21:55:29,40.72952951,-73.99178200,14,-4.482,,4.880,26,17,23,,
T,2021-09-15 21:55:30,40.72954566,-73.99176969,13,-3.705,,3.430,27,17,23,,
T,2021-09-15 21:55:31,40.72958301,-73.99175188,13,-3.592,,3.080,36,17,23,,
T,2021-09-15 21:55:32,40.72959963,-73.99173858,13,-2.996,,2.560,38,17,23,,
T,2021-09-15 21:55:33,40.72961844,-73.99171492,12,-3.647,,1.880,40,17,23,,
T,2021-09-15 21:55:34,40.72963219,-73.99168452,12,-4.152,,1.530,44,17,23,,
T,2021-09-15 21:55:35,40.72964026,-73.99166233,12,-4.227,,0.900,47,18,23,,
T,2021-09-15 21:55:36,40.72964524,-73.99164680,12,-3.947,,0.570,51,19,23,,
T,2021-09-15 21:55:37,40.72964757,-73.99163590,12,-4.812,,0.200,51,19,23,,
T,2021-09-15 21:55:38,40.72964221,-73.99160743,12,-5.406,,0.000,,19,23,,
T,2021-09-15 21:55:39,40.72963883,-73.99159346,12,-5.762,,0.000,,20,23,,
T,2021-09-15 21:55:40,40.72964314,-73.99158369,13,-6.209,,0.650,34,19,23,,
T,2021-09-15 21:55:42,40.72965409,-73.99156674,9,-5.784,,0.620,35,17,23,,
T,2021-09-15 21:55:45,40.72967860,-73.99154602,8,-6.046,,0.780,36,17,23,,
T,2021-09-15 21:55:46,40.72968755,-73.99154415,8,-6.995,,0.580,25,18,23,,
T,2021-09-15 21:55:48,40.72969673,-73.99154796,8,-7.562,,0.180,20,21,23,,
T,2021-09-15 21:55:49,40.72969855,-73.99155668,9,-8.282,,0.000,,21,23,,
T,2021-09-15 21:55:50,40.72969625,-73.99155960,9,-8.323,,0.000,,21,23,,
T,2021-09-15 21:55:51,40.72969961,-73.99154508,9,-8.580,,1.520,74,21,23,,
T,2021-09-15 21:55:52,40.72970422,-73.99153052,8,-8.934,,1.100,81,21,23,,
T,2021-09-15 21:55:54,40.72970804,-73.99151374,8,-7.858,,0.380,94,19,23,,
T,2021-09-15 21:55:55,40.72970650,-73.99150869,8,-6.900,,0.000,,19,23,,
T,2021-09-15 21:55:56,40.72970589,-73.99149966,8,-7.317,,0.690,105,20,23,,
T,2021-09-15 21:55:57,40.72970908,-73.99148512,8,-7.379,,0.940,78,19,23,,
T,2021-09-15 21:55:58,40.72971393,-73.99147376,7,-7.067,,1.000,78,20,23,,
T,2021-09-15 21:55:59,40.72971969,-73.99146443,7,-7.280,,1.080,78,20,23,,
T,2021-09-15 21:56:00,40.72972822,-73.99145485,7,-7.518,,1.350,75,20,23,,
T,2021-09-15 21:56:01,40.72973836,-73.99145173,8,-7.444,,1.130,70,20,23,,
T,2021-09-15 21:56:02,40.72974802,-73.99145609,9,-6.583,,0.990,63,20,23,,
T,2021-09-15 21:56:03,40.72977638,-73.99147639,8,-7.001,,2.560,25,20,23,,
T,2021-09-15 21:56:04,40.72980746,-73.99150214,8,-7.343,,2.880,347,20,23,,
T,2021-09-15 21:56:05,40.72983305,-73.99154101,8,-6.296,,3.250,330,20,23,,
T,2021-09-15 21:56:06,40.72985348,-73.99160542,9,-6.150,,4.770,298,20,23,,
T,2021-09-15 21:56:07,40.72986546,-73.99169896,10,-5.332,,5.110,291,19,23,,
T,2021-09-15 21:56:08,40.72988855,-73.99176768,11,-4.572,,5.580,287,19,23,,
T,2021-09-15 21:56:09,40.72990489,-73.99182233,14,-3.605,,5.230,288,19,23,,
T,2021-09-15 21:56:10,40.72992879,-73.99189502,15,-2.669,,5.740,290,18,23,,
T,2021-09-15 21:56:11,40.72996242,-73.99198251,15,-3.939,,5.720,292,18,23,,
T,2021-09-15 21:56:12,40.72999411,-73.99205922,14,-5.589,,5.120,293,17,23,,
T,2021-09-15 21:56:13,40.73002776,-73.99211014,14,-4.367,,4.590,296,17,23,,
T,2021-09-15 21:56:14,40.73003174,-73.99216014,14,-3.227,,3.970,296,15,23,,
T,2021-09-15 21:56:15,40.73004651,-73.99220766,14,-3.128,,3.590,289,15,23,,
T,2021-09-15 21:56:16,40.73005150,-73.99223313,13,-2.176,,2.550,266,15,23,,
T,2021-09-15 21:56:17,40.73005959,-73.99227020,12,-1.574,,2.760,266,16,23,,
T,2021-09-15 21:56:18,40.73006486,-73.99229856,12,-1.543,,2.010,289,17,23,,
T,2021-09-15 21:56:19,40.73007156,-73.99231802,12,-2.022,,1.350,286,16,23,,
T,2021-09-15 21:56:20,40.73007863,-73.99232829,11,-0.219,,1.070,291,17,23,,
T,2021-09-15 21:56:22,40.73009042,-73.99234288,12,1.810,,1.160,291,18,23,,
T,2021-09-15 21:56:23,40.73009416,-73.99234571,12,1.965,,0.280,287,18,23,,
T,2021-09-15 21:56:24,40.73009567,-73.99234080,13,4.027,,0.000,,17,23,,
T,2021-09-15 21:56:25,40.73009336,-73.99233981,13,4.536,,0.180,288,17,23,,
T,2021-09-15 21:56:26,40.73008552,-73.99233902,15,4.939,,0.000,,15,23,,
T,2021-09-15 21:56:30,40.73007602,-73.99233484,16,5.588,,0.000,,15,23,,
T,2021-09-15 21:57:22,40.73007132,-73.99233137,15,7.488,,0.000,,12,23,,
T,2021-09-15 21:57:23,40.73008997,-73.99237606,14,6.923,,1.770,286,12,23,,
T,2021-09-15 21:57:24,40.73022671,-73.99258537,13,-5.022,,2.340,283,13,23,,
T,2021-09-15 21:57:25,40.73024521,-73.99260391,13,-7.669,,0.790,282,13,23,,
T,2021-09-15 21:57:27,40.73024349,-73.99262828,13,-3.662,,0.940,276,12,23,,
T,2021-09-15 21:57:28,40.73023610,-73.99266090,12,-0.778,,1.430,270,12,23,,
T,2021-09-15 21:57:29,40.73021359,-73.99271105,12,0.479,,2.210,262,13,23,,
T,2021-09-15 21:57:30,40.73019450,-73.99277279,12,3.832,,2.720,252,13,23,,
T,2021-09-15 21:57:31,40.73017584,-73.99283410,12,5.983,,2.870,245,13,23,,
T,2021-09-15 21:57:32,40.73015554,-73.99288776,12,7.592,,2.970,239,14,23,,
T,2021-09-15 21:57:33,40.73013132,-73.99293068,12,8.442,,3.030,234,15,23,,
T,2021-09-15 21:57:34,40.73010744,-73.99296034,12,8.185,,2.820,217,15,23,,
T,2021-09-15 21:57:35,40.73008486,-73.99298215,12,6.166,,2.660,215,14,23,,
T,2021-09-15 21:57:36,40.73006791,-73.99300118,12,5.661,,2.370,214,14,23,,
T,2021-09-15 21:57:37,40.73005183,-73.99301654,12,6.603,,2.070,213,14,23,,
T,2021-09-15 21:57:38,40.73003597,-73.99303032,12,7.393,,1.840,212,13,23,,
T,2021-09-15 21:57:39,40.73002476,-73.99304218,12,7.725,,1.410,213,12,23,,
T,2021-09-15 21:57:40,40.73001732,-73.99305124,13,7.230,,1.200,213,13,23,,
T,2021-09-15 21:57:42,40.73000545,-73.99305825,13,7.427,,0.610,211,15,23,,
T,2021-09-15 21:57:43,40.73000084,-73.99305741,13,7.827,,0.410,211,15,23,,
T,2021-09-15 21:57:44,40.72999095,-73.99305150,13,8.040,,0.000,,16,23,,
T,2021-09-15 21:57:46,40.72998240,-73.99304777,13,8.490,,0.000,,16,23,,
T,2021-09-15 21:57:52,40.72998310,-73.99305162,12,7.754,,0.000,,14,23,,
T,2021-09-15 21:57:53,40.72998283,-73.99305375,12,7.707,,0.280,209,14,23,,
T,2021-09-15 21:57:55,40.72997118,-73.99306239,11,7.656,,0.930,209,14,23,,
T,2021-09-15 21:57:56,40.72995636,-73.99307157,11,8.263,,1.820,208,15,23,,
T,2021-09-15 21:57:57,40.72993037,-73.99309495,11,8.328,,3.260,211,15,23,,
T,2021-09-15 21:57:58,40.72990031,-73.99312015,11,9.184,,3.760,212,15,23,,
T,2021-09-15 21:57:59,40.72986681,-73.99314825,11,9.253,,4.020,212,15,23,,
T,2021-09-15 21:58:00,40.72983364,-73.99318009,11,8.182,,4.020,212,15,23,,
T,2021-09-15 21:58:01,40.72980275,-73.99321435,11,8.268,,4.090,212,14,23,,
T,2021-09-15 21:58:03,40.72974702,-73.99327418,11,8.017,,4.090,212,15,23,,
T,2021-09-15 21:58:04,40.72971653,-73.99329915,11,7.058,,4.080,211,14,23,,
T,2021-09-15 21:58:05,40.72967808,-73.99332418,11,6.421,,4.460,210,14,24,,
T,2021-09-15 21:58:06,40.72963813,-73.99335081,11,5.693,,4.640,210,15,24,,
T,2021-09-15 21:58:07,40.72959682,-73.99337543,11,4.567,,4.860,210,12,24,,
T,2021-09-15 21:58:08,40.72955392,-73.99339395,11,4.331,,5.310,210,9,24,,
T,2021-09-15 21:58:09,40.72951650,-73.99343130,12,3.841,,5.570,211,9,24,,
T,2021-09-15 21:58:10,40.72946873,-73.99346685,12,3.921,,5.800,211,9,24,,
T,2021-09-15 21:58:11,40.72942045,-73.99350943,12,3.836,,6.100,211,11,24,,
T,2021-09-15 21:58:12,40.72937309,-73.99354805,13,4.385,,6.250,211,12,24,,
T,2021-09-15 21:58:13,40.72933126,-73.99359282,14,4.201,,6.220,212,11,24,,
T,2021-09-15 21:58:14,40.72927391,-73.99363555,14,3.368,,6.460,212,12,24,,
T,2021-09-15 21:58:15,40.72922168,-73.99367171,14,3.412,,6.310,213,11,24,,
T,2021-09-15 21:58:16,40.72917936,-73.99371875,15,3.304,,5.870,214,11,24,,
T,2021-09-15 21:58:17,40.72913891,-73.99375472,15,3.834,,5.680,215,11,24,,
T,2021-09-15 21:58:18,40.72910251,-73.99380305,14,3.487,,5.430,216,11,24,,
T,2021-09-15 21:58:19,40.72906742,-73.99384286,15,4.076,,5.150,219,11,24,,
T,2021-09-15 21:58:20,40.72901727,-73.99385636,14,5.177,,4.950,220,11,24,,
T,2021-09-15 21:58:21,40.72899110,-73.99388962,14,5.599,,4.260,220,12,23,,
T,2021-09-15 21:58:22,40.72894478,-73.99388810,14,5.905,,4.160,219,12,24,,
T,2021-09-15 21:58:23,40.72891586,-73.99391437,14,6.346,,4.020,217,11,24,,
T,2021-09-15 21:58:24,40.72888432,-73.99394246,14,5.856,,3.760,215,10,24,,
T,2021-09-15 21:58:25,40.72885387,-73.99396140,14,6.486,,3.390,214,10,24,,
T,2021-09-15 21:58:26,40.72883220,-73.99397894,14,6.359,,2.480,213,12,24,,
T,2021-09-15 21:58:27,40.72881570,-73.99399340,14,5.813,,2.360,213,12,24,,
T,2021-09-15 21:58:28,40.72879487,-73.99400566,14,5.909,,2.420,212,11,24,,
T,2021-09-15 21:58:29,40.72877677,-73.99401316,14,7.121,,2.130,211,11,24,,
T,2021-09-15 21:58:30,40.72875913,-73.99401815,14,7.821,,2.080,210,10,24,,
T,2021-09-15 21:58:31,40.72874734,-73.99401728,14,8.174,,1.650,210,11,24,,
T,2021-09-15 21:58:32,40.72874097,-73.99403028,14,9.123,,1.530,211,12,24,,
T,2021-09-15 21:58:33,40.72873433,-73.99403221,13,10.531,,1.180,211,12,24,,
T,2021-09-15 21:58:34,40.72873713,-73.99402428,13,12.475,,0.000,,13,24,,
T,2021-09-15 21:58:36,40.72876078,-73.99399998,13,13.199,,0.000,,14,24,,
T,2021-09-15 21:58:39,40.72877052,-73.99399959,13,14.052,,0.000,,15,24,,
T,2021-09-15 21:58:49,40.72877185,-73.99398432,14,16.517,,0.000,,13,24,,
T,2021-09-15 21:58:52,40.72876871,-73.99397059,13,17.966,,0.000,,15,24,,
T,2021-09-15 21:58:54,40.72874505,-73.99397619,12,13.459,,0.000,,16,24,,
T,2021-09-15 21:58:55,40.72871661,-73.99398181,12,8.954,,0.000,,16,24,,
T,2021-09-15 21:58:56,40.72870137,-73.99398693,13,7.296,,0.000,,17,24,,
T,2021-09-15 21:58:58,40.72868226,-73.99399435,12,4.714,,0.000,,18,24,,
T,2021-09-15 21:58:59,40.72865714,-73.99398465,13,0.683,,2.480,150,18,24,,
T,2021-09-15 21:59:00,40.72863176,-73.99398251,13,-1.908,,1.300,147,16,24,,
T,2021-09-15 21:59:01,40.72860524,-73.99398538,13,-4.490,,1.590,157,16,24,,
T,2021-09-15 21:59:02,40.72858409,-73.99399812,12,-5.652,,0.420,181,16,24,,
T,2021-09-15 21:59:03,40.72856533,-73.99401490,12,-4.104,,0.440,208,16,24,,
T,2021-09-15 21:59:04,40.72854958,-73.99403305,12,-2.164,,0.870,199,19,24,,
T,2021-09-15 21:59:05,40.72853426,-73.99405846,12,-1.521,,2.010,222,19,24,,
T,2021-09-15 21:59:06,40.72852598,-73.99407270,12,-0.873,,0.610,208,19,24,,
